data:
  train_path: "data/train.csv"
  test_path:  "data/test.csv"
  output_path: "submission.csv"

cv:
  n_splits:     5
  random_state: 42

model:
  iterations:    686
  learning_rate: 0.04353313054143383
  depth:         5
  l2_leaf_reg:   1.3212515830742966e-06
  subsample:     0.6716024946760809
  random_state:  42
  verbose:       0